run of 2x2 latice T = 1e8:

Exact energy for 2x2, E = -7.98393
E_tot:-798386576J
E_average:-7.98387
E_average_sqrd:20.9213
M_tot:632
M_average:6.32e-06
M_tot_sqrd:537984
M_average_sqrd:0.00537984
-0.00537984
42.8208